0:
- cam_R_m2c: [0.4120823, 0.4545204, 0.7896835, 0.3520821, 0.7199377, -0.5981042, -0.8403732, 0.5245013, 0.1366446]
  cam_t_m2c: [86.96759, -26.88221, 270.2093]
  obj_bb: [411, 27, 218, 251]
  obj_id: 0
1:
- cam_R_m2c: [0.5000837, -0.6996306, 0.5103276, 0.4208241, -0.3187111, -0.8493119, 0.7568516, 0.6394847, 0.1350388]
  cam_t_m2c: [209.3448, -67.67542, 486.1248]
  obj_bb: [469, 74, 135, 132]
  obj_id: 0
2:
- cam_R_m2c: [0.5361509, -0.09814805, -0.8383972, 0.815325, 0.3174291, 0.4842359, 0.2186046, -0.9431894, 0.250212]
  cam_t_m2c: [223.2761, 170.7573, 514.6082]
  obj_bb: [415, 363, 150, 65]
  obj_id: 0
3:
- cam_R_m2c: [-0.8646317, -0.4874415, -0.1217085, 0.3705217, -0.4550617, -0.8097116, 0.339302, -0.7451979, 0.5740683]
  cam_t_m2c: [190.4238, 5.344852, 486.8575]
  obj_bb: [469, 166, 57, 114]
  obj_id: 0
4:
- cam_R_m2c: [-0.4585594, 0.841489, -0.2856919, -0.5930922, -0.05038479, 0.8035569, 0.6617894, 0.5379203, 0.5221847]
  cam_t_m2c: [140.3606, 99.41172, 310.4979]
  obj_bb: [423, 344, 177, 163]
  obj_id: 0
5:
- cam_R_m2c: [-0.9744374, 0.07621825, 0.211335, -0.04843497, -0.9898428, 0.133661, 0.2193758, 0.1200083, 0.9682315]
  cam_t_m2c: [-149.7239, 63.48158, 446.5774]
  obj_bb: [135, 256, 83, 92]
  obj_id: 0
6:
- cam_R_m2c: [0.8791617, 0.4504513, -0.1554663, 0.4540057, -0.8908906, -0.01388562, -0.1447583, -0.05837488, -0.9877444]
  cam_t_m2c: [56.55228, -206.3652, 578.1858]
  obj_bb: [343, 37, 48, 69]
  obj_id: 0
7:
- cam_R_m2c: [0.2815262, 0.9080522, -0.310137, 0.9551219, -0.2962135, -0.0002773404, -0.09211867, -0.2961404, -0.9506924]
  cam_t_m2c: [-229.2454, 94.24798, 649.2003]
  obj_bb: [60, 289, 132, 42]
  obj_id: 0
8:
- cam_R_m2c: [0.8359436, -0.4723285, 0.2794729, -0.4735251, -0.8781682, -0.06778416, 0.2774406, -0.07567367, -0.9577584]
  cam_t_m2c: [168.5258, 219.6135, 610.4575]
  obj_bb: [420, 371, 110, 95]
  obj_id: 0
9:
- cam_R_m2c: [-0.5860527, 0.3901274, 0.7101712, -0.2248188, -0.9203379, 0.3200544, 0.7784594, 0.027909, 0.6270744]
  cam_t_m2c: [258.7398, -5.98017, 562.8459]
  obj_bb: [510, 190, 61, 93]
  obj_id: 0
10:
- cam_R_m2c: [-0.09088632, 0.2769017, 0.9565905, -0.68502, 0.6798313, -0.2618732, -0.722833, -0.6790843, 0.1278955]
  cam_t_m2c: [124.9226, 177.5092, 537.8262]
  obj_bb: [396, 342, 125, 101]
  obj_id: 0
11:
- cam_R_m2c: [-0.961632, -0.2743428, -0.0002723709, -0.2740369, 0.9606063, -0.04626596, 0.01295437, -0.04441618, -0.9989298]
  cam_t_m2c: [-61.10911, -148.7021, 551.5872]
  obj_bb: [248, 38, 38, 117]
  obj_id: 0
12:
- cam_R_m2c: [0.189876, -0.848446, 0.4940517, -0.9614998, -0.2625092, -0.08128643, 0.1986603, -0.4595962, -0.8656249]
  cam_t_m2c: [-281.9503, 228.3257, 588.0116]
  obj_bb: [50, 405, 81, 53]
  obj_id: 0
13:
- cam_R_m2c: [0.1868591, 0.3728719, -0.9088733, 0.5637373, -0.7983789, -0.2116399, -0.8045399, -0.4728189, -0.3593862]
  cam_t_m2c: [33.72038, 82.73856, 277.9202]
  obj_bb: [137, 312, 319, 122]
  obj_id: 0
14:
- cam_R_m2c: [-0.8546639, -0.03667083, -0.5178851, -0.3337715, -0.7252454, 0.6021759, -0.3976761, 0.6875133, 0.6076014]
  cam_t_m2c: [177.7519, -50.67153, 359.6312]
  obj_bb: [442, 111, 164, 181]
  obj_id: 0
15:
- cam_R_m2c: [-0.7324361, 0.6086751, 0.3050446, 0.4413719, 0.7656401, -0.467961, -0.5183902, -0.2081135, -0.8294346]
  cam_t_m2c: [-197.9948, -65.17403, 633.5425]
  obj_bb: [150, 109, 48, 118]
  obj_id: 0
16:
- cam_R_m2c: [-0.5380161, -0.8424475, -0.02865274, 0.842384, -0.5361254, -0.05439545, 0.03046384, -0.05340224, 0.9981083]
  cam_t_m2c: [-237.0262, -214.5755, 551.9595]
  obj_bb: [69, 20, 100, 77]
  obj_id: 0
17:
- cam_R_m2c: [-0.5375159, 0.6419129, 0.5468316, -0.6337947, 0.1202059, -0.7641045, -0.5562205, -0.7572973, 0.342228]
  cam_t_m2c: [-177.1151, -29.48079, 378.0817]
  obj_bb: [60, 97, 131, 142]
  obj_id: 0
18:
- cam_R_m2c: [-0.2253771, -0.9624741, 0.1511596, -0.9263481, 0.1636349, -0.3392692, 0.3018028, -0.21649, -0.9284655]
  cam_t_m2c: [-141.1641, -139.6531, 402.0289]
  obj_bb: [98, -71, 103, 178]
  obj_id: 0
19:
- cam_R_m2c: [0.8255324, -0.5187629, 0.2222203, 0.047809, 0.4566291, 0.888372, -0.5623266, -0.7227555, 0.4017631]
  cam_t_m2c: [-156.5759, -66.84429, 372.3146]
  obj_bb: [49, 110, 151, 170]
  obj_id: 0
20:
- cam_R_m2c: [0.3572344, -0.9300606, -0.08585939, 0.1569688, -0.03083545, 0.9871224, -0.9207308, -0.3661109, 0.1349745]
  cam_t_m2c: [-29.07095, 41.38644, 313.91]
  obj_bb: [205, 260, 129, 217]
  obj_id: 0
21:
- cam_R_m2c: [-0.8588518, -0.1218381, -0.497523, 0.3898964, 0.474424, -0.7892423, 0.3321964, -0.8718246, -0.3599558]
  cam_t_m2c: [125.7462, 29.46769, 509.7547]
  obj_bb: [380, 156, 78, 156]
  obj_id: 0
22:
- cam_R_m2c: [0.1824394, -0.9341449, -0.3067411, -0.959199, -0.2376345, 0.1531916, -0.2159954, 0.2662775, -0.9393848]
  cam_t_m2c: [174.5798, 146.371, 628.6671]
  obj_bb: [416, 327, 64, 76]
  obj_id: 0
23:
- cam_R_m2c: [-0.09129353, -0.8913394, -0.4440495, 0.1102822, 0.4341196, -0.8940799, 0.9896989, -0.1305947, 0.05866612]
  cam_t_m2c: [145.7112, -37.02816, 436.0558]
  obj_bb: [433, 65, 92, 181]
  obj_id: 0
24:
- cam_R_m2c: [-0.1646083, -0.1699672, 0.9716048, -0.9604871, -0.1965099, -0.1971015, 0.224431, -0.9656581, -0.1309043]
  cam_t_m2c: [50.55218, -85.30576, 459.605]
  obj_bb: [338, 123, 165, 54]
  obj_id: 0
25:
- cam_R_m2c: [0.744619, -0.1201496, 0.6565882, 0.3547671, 0.9044649, -0.236823, -0.5654063, 0.4092785, 0.7161055]
  cam_t_m2c: [145.4893, -104.5601, 314.1711]
  obj_bb: [492, 18, 108, 138]
  obj_id: 0
26:
- cam_R_m2c: [-0.8435254, 0.5331485, 0.06494436, -0.535028, -0.8235379, -0.1884951, -0.04701167, -0.1937474, 0.9799244]
  cam_t_m2c: [194.0553, -72.33137, 488.3463]
  obj_bb: [461, 124, 89, 82]
  obj_id: 0
27:
- cam_R_m2c: [-0.5699509, -0.5517386, -0.6088848, -0.6783039, 0.7341563, -0.03032111, 0.4637456, 0.3957273, -0.7926795]
  cam_t_m2c: [214.3764, 129.4829, 478.0331]
  obj_bb: [494, 333, 75, 67]
  obj_id: 0
28:
- cam_R_m2c: [-0.4917672, 0.4529392, -0.7436475, -0.2383637, 0.7514009, 0.6152892, 0.8374653, 0.4798377, -0.2615505]
  cam_t_m2c: [129.3407, 19.41133, 435.1444]
  obj_bb: [344, 213, 153, 127]
  obj_id: 0
29:
- cam_R_m2c: [-0.5709459, 0.7836917, -0.2446391, 0.783962, 0.608908, 0.1209775, 0.2437716, -0.1227161, -0.962038]
  cam_t_m2c: [-64.89494, -101.5396, 330.1889]
  obj_bb: [53, 6, 241, 143]
  obj_id: 0
30:
- cam_R_m2c: [-0.01895657, -0.2937391, 0.9556979, 0.9965025, 0.07225975, 0.04197556, -0.08138809, 0.9531508, 0.2913416]
  cam_t_m2c: [22.21193, -159.3125, 465.6987]
  obj_bb: [304, 48, 167, 56]
  obj_id: 0
31:
- cam_R_m2c: [-0.8634648, 0.4980569, -0.07979857, 0.4951133, 0.8671114, 0.05460671, 0.09639145, 0.007641651, -0.9953148]
  cam_t_m2c: [-77.9968, -28.63848, 417.6064]
  obj_bb: [152, 165, 121, 92]
  obj_id: 0
32:
- cam_R_m2c: [0.3163249, -0.4303431, -0.8454254, 0.9484519, 0.1617395, 0.2725436, 0.01945126, -0.8880574, 0.4593214]
  cam_t_m2c: [-86.44635, -107.87, 327.4011]
  obj_bb: [103, 43, 151, 111]
  obj_id: 0
33:
- cam_R_m2c: [0.2446967, 0.2985284, 0.9224993, -0.7321623, 0.6806326, -0.02604941, -0.6356592, -0.6690449, 0.3851191]
  cam_t_m2c: [3.063751, 52.01057, 509.2729]
  obj_bb: [291, 257, 124, 73]
  obj_id: 0
34:
- cam_R_m2c: [0.5077128, -0.8612653, -0.02122218, -0.8517746, -0.498117, -0.1623568, 0.1292611, 0.1005071, -0.9865043]
  cam_t_m2c: [-225.7473, -77.22169, 502.7601]
  obj_bb: [54, 128, 94, 68]
  obj_id: 0
35:
- cam_R_m2c: [-0.2714592, 0.4486322, 0.8514925, 0.9623402, 0.1398938, 0.2330913, -0.01454613, 0.8827001, -0.4697123]
  cam_t_m2c: [59.80386, -56.92175, 384.8923]
  obj_bb: [347, 140, 222, 56]
  obj_id: 0
36:
- cam_R_m2c: [0.7039537, 0.7100371, 0.01723467, -0.5245342, 0.5360947, -0.6614128, -0.478867, 0.4565637, 0.749824]
  cam_t_m2c: [-113.5431, 166.7034, 557.5527]
  obj_bb: [189, 288, 69, 129]
  obj_id: 0
37:
- cam_R_m2c: [0.1229596, -0.7668673, 0.6299176, -0.938071, 0.1173442, 0.325966, -0.3238896, -0.6309878, -0.7049475]
  cam_t_m2c: [-332.2808, 36.54662, 633.9702]
  obj_bb: [29, 251, 96, 54]
  obj_id: 0
38:
- cam_R_m2c: [0.7454353, -0.4705127, 0.4721702, 0.01758499, -0.6942214, -0.7195468, 0.6663465, 0.5446784, -0.5092233]
  cam_t_m2c: [210.539, 137.1964, 589.1237]
  obj_bb: [450, 294, 133, 92]
  obj_id: 0
39:
- cam_R_m2c: [-0.2964775, 0.4049272, 0.8649483, 0.9503232, 0.0351826, 0.309271, 0.09480134, 0.9136721, -0.3952426]
  cam_t_m2c: [62.82533, -103.7678, 438.5583]
  obj_bb: [348, 101, 185, 58]
  obj_id: 0
40:
- cam_R_m2c: [0.4364275, -0.8777636, -0.1976437, -0.8762435, -0.4645217, 0.12813, -0.2042776, 0.1172645, -0.9718647]
  cam_t_m2c: [17.93179, 209.7663, 540.8887]
  obj_bb: [299, 387, 70, 126]
  obj_id: 0
41:
- cam_R_m2c: [-0.6996588, -0.7027174, 0.1290971, 0.71214, -0.6712879, 0.2054982, -0.05774577, 0.2357138, 0.9701054]
  cam_t_m2c: [-59.42673, -29.0519, 389.4132]
  obj_bb: [194, 152, 104, 103]
  obj_id: 0
42:
- cam_R_m2c: [-0.2968048, -0.9534674, 0.05298418, -0.9547258, 0.2974533, 0.004608953, -0.02015478, -0.04921738, -0.9985855]
  cam_t_m2c: [-206.1147, 88.78277, 422.4699]
  obj_bb: [34, 312, 106, 63]
  obj_id: 0
43:
- cam_R_m2c: [0.4878394, 0.583869, 0.6489301, 0.3503923, -0.8118478, 0.4670423, 0.799524, -0.0004614145, -0.6006345]
  cam_t_m2c: [-199.6996, -171.9647, 639.1797]
  obj_bb: [145, 77, 67, 88]
  obj_id: 0
44:
- cam_R_m2c: [-0.968534, 0.2488627, 0.003041752, 0.239235, 0.9342955, -0.2643098, -0.06861872, -0.2552653, -0.9644336]
  cam_t_m2c: [8.332718, -83.62201, 423.182]
  obj_bb: [307, 18, 47, 185]
  obj_id: 0
45:
- cam_R_m2c: [-0.08787449, 0.9918932, -0.09179533, 0.4129883, -0.04758145, -0.9094927, -0.9064872, -0.1178318, -0.4054592]
  cam_t_m2c: [61.2123, 4.267745, 397.918]
  obj_bb: [349, 86, 100, 188]
  obj_id: 0
46:
- cam_R_m2c: [-0.1184855, -0.6808954, 0.7227331, -0.6065119, 0.6259289, 0.4902624, -0.7861966, -0.380257, -0.4871349]
  cam_t_m2c: [78.57355, -79.04336, 608.0547]
  obj_bb: [342, 151, 139, 64]
  obj_id: 0
47:
- cam_R_m2c: [0.1246307, 0.9861367, 0.1095548, -0.1839403, -0.08553803, 0.9792088, 0.9750046, -0.1421908, 0.1707292]
  cam_t_m2c: [94.84687, 12.91755, 439.2816]
  obj_bb: [380, 220, 93, 164]
  obj_id: 0
48:
- cam_R_m2c: [-0.2583515, 0.9167849, 0.3045659, -0.4248414, 0.1753249, -0.8881282, -0.8676201, -0.3588416, 0.3441924]
  cam_t_m2c: [-7.559875, -43.08699, 388.3168]
  obj_bb: [259, 64, 104, 163]
  obj_id: 0
49:
- cam_R_m2c: [-0.2452425, -0.9227631, 0.2972627, 0.9683882, -0.2475993, 0.03032516, 0.04561919, 0.2953026, 0.9543141]
  cam_t_m2c: [81.58226, 135.5473, 371.1347]
  obj_bb: [359, 378, 115, 73]
  obj_id: 0

